/lcra.c/1.3/Thu Jul 22 10:50:48 2021/-ko/
/lcra.h/1.3/Thu Jul 22 10:50:48 2021/-ko/
/meson.build/1.4/Thu Feb 24 02:30:07 2022/-ko/
/nir_mod_helpers.c/1.1.1.1/Thu Jul 22 10:16:35 2021/-ko/
/pan_ir.c/1.3/Thu Jul 22 10:50:48 2021/-ko/
/pan_ir.h/1.4/Thu Feb 24 02:30:07 2022/-ko/
/pan_liveness.c/1.3/Thu Jul 22 10:50:48 2021/-ko/
/pan_lower_64bit_intrin.c/1.1.1.2/Thu Feb 24 01:57:04 2022/-ko/
/pan_lower_framebuffer.c/1.1.1.2/Thu Feb 24 01:57:05 2022/-ko/
/pan_lower_framebuffer.h/1.1.1.2/Thu Feb 24 01:57:05 2022/-ko/
/pan_lower_helper_invocation.c/1.1.1.1/Thu Jul 22 10:16:35 2021/-ko/
/pan_lower_sample_position.c/1.1.1.1/Thu Jul 22 10:16:36 2021/-ko/
/pan_lower_writeout.c/1.1.1.2/Thu Feb 24 01:57:05 2022/-ko/
/pan_sysval.c/1.4/Thu Feb 24 02:30:07 2022/-ko/
D
